20 130
32768 32604 32119 31326 30248 28917 27370 25647 23794 21855 19874 17893 15949 14075 12298 10638 9110 7724 6484 5389 4434 3612 2913 2326 1839 1439 1115 855 650 488 364 268 195 141 101 71 50 34 23 16 10 7 4 3 2 1 0 0 0 0 0 0 0 0 0 0 0 0 0 0 0 0 0 0 0 0 0 0 0 0 0 0 0 0 0 0 0 0 0 0 0 0 0 0 0 0 0 0 0 0 0 0 0 0 0 0 0 0 0 0 0 0 0 0 0 0 0 0 0 0 0 0 0 0 0 0 0 0 0 0 0 0 0 0 0 0 0 0 0 0 
32768 32632 32230 31571 30671 29551 28238 26761 25153 23446 21676 19874 18072 16299 14578 12931 11377 9926 8590 7372 6274 5296 4434 3682 3032 2476 2005 1611 1283 1014 794 617 476 364 275 207 154 114 83 61 44 31 22 15 10 7 5 3 2 1 1 0 0 0 0 0 0 0 0 0 0 0 0 0 0 0 0 0 0 0 0 0 0 0 0 0 0 0 0 0 0 0 0 0 0 0 0 0 0 0 0 0 0 0 0 0 0 0 0 0 0 0 0 0 0 0 0 0 0 0 0 0 0 0 0 0 0 0 0 0 0 0 0 0 0 0 0 0 0 0 
32768 32654 32316 31759 30997 30043 28917 27641 26238 24734 23155 21527 19874 18222 16591 15002 13471 12012 10638 9355 8170 7086 6103 5220 4434 3740 3133 2607 2153 1767 1439 1164 936 746 591 465 364 282 217 166 126 95 71 53 39 28 21 15 10 7 5 3 2 1 1 0 0 0 0 0 0 0 0 0 0 0 0 0 0 0 0 0 0 0 0 0 0 0 0 0 0 0 0 0 0 0 0 0 0 0 0 0 0 0 0 0 0 0 0 0 0 0 0 0 0 0 0 0 0 0 0 0 0 0 0 0 0 0 0 0 0 0 0 0 0 0 0 0 0 0 
32768 32671 32382 31906 31252 30431 29457 28345 27115 25785 24375 22907 21400 19874 18348 16840 15364 13935 12564 11261 10034 8888 7826 6850 5961 5156 4434 3791 3221 2721 2285 1908 1583 1306 1071 873 708 570 457 364 288 226 177 137 106 81 62 47 35 26 20 14 10 8 5 4 3 2 1 1 0 0 0 0 0 0 0 0 0 0 0 0 0 0 0 0 0 0 0 0 0 0 0 0 0 0 0 0 0 0 0 0 0 0 0 0 0 0 0 0 0 0 0 0 0 0 0 0 0 0 0 0 0 0 0 0 0 0 0 0 0 0 0 0 0 0 0 0 0 0 
32768 32684 32435 32024 31457 30743 29892 28917 27832 26650 25389 24065 22694 21291 19874 18457 17054 15677 14338 13046 11811 10638 9532 8499 7538 6652 5841 5102 4434 3834 3298 2823 2404 2036 1716 1439 1201 997 823 676 553 449 364 293 234 187 148 116 91 71 55 43 33 25 19 14 10 8 6 4 3 2 1 1 0 0 0 0 0 0 0 0 0 0 0 0 0 0 0 0 0 0 0 0 0 0 0 0 0 0 0 0 0 0 0 0 0 0 0 0 0 0 0 0 0 0 0 0 0 0 0 0 0 0 0 0 0 0 0 0 0 0 0 0 0 0 0 0 0 0 
32768 32695 32478 32119 31623 30997 30248 29387 28423 27370 26238 25042 23794 22508 21197 19874 18551 17239 15949 14690 13471 12298 11177 10113 9110 8170 7295 6484 5738 5055 4434 3872 3366 2913 2510 2153 1839 1563 1323 1115 936 781 650 538 443 364 297 241 195 157 126 101 80 63 50 39 30 23 18 14 10 8 6 4 3 2 2 1 1 0 0 0 0 0 0 0 0 0 0 0 0 0 0 0 0 0 0 0 0 0 0 0 0 0 0 0 0 0 0 0 0 0 0 0 0 0 0 0 0 0 0 0 0 0 0 0 0 0 0 0 0 0 0 0 0 0 0 0 0 0 
32768 32704 32512 32197 31759 31206 30543 29777 28917 27973 26954 25871 24734 23555 22345 21115 19874 18634 17402 16189 15002 13847 12732 11660 10638 9667 8750 7890 7086 6339 5649 5015 4434 3905 3426 2994 2607 2260 1952 1679 1439 1229 1045 885 746 627 525 438 364 301 248 203 166 135 110 89 71 57 45 36 28 22 17 14 10 8 6 5 3 2 2 1 1 0 0 0 0 0 0 0 0 0 0 0 0 0 0 0 0 0 0 0 0 0 0 0 0 0 0 0 0 0 0 0 0 0 0 0 0 0 0 0 0 0 0 0 0 0 0 0 0 0 0 0 0 0 0 0 0 0 
32768 32711 32542 32261 31873 31380 30789 30104 29333 28483 27562 26578 25541 24460 23344 22201 21042 19874 18707 17547 16402 15278 14183 13121 12096 11113 10174 9283 8440 7647 6905 6214 5572 4979 4434 3935 3480 3067 2694 2358 2057 1788 1548 1337 1150 986 842 717 608 514 433 364 304 254 211 174 144 118 97 79 64 52 42 34 27 21 17 13 10 8 6 5 4 3 2 1 1 1 0 0 0 0 0 0 0 0 0 0 0 0 0 0 0 0 0 0 0 0 0 0 0 0 0 0 0 0 0 0 0 0 0 0 0 0 0 0 0 0 0 0 0 0 0 0 0 0 0 0 0 0 
32768 32717 32566 32316 31968 31527 30997 30381 29686 28917 28082 27186 26238 25245 24215 23155 22073 20977 19874 18771 17675 16591 15526 14484 13471 12490 11544 10638 9772 8949 8170 7436 6747 6103 5504 4948 4434 3962 3529 3133 2774 2448 2153 1889 1651 1439 1251 1083 936 805 691 591 504 429 364 307 259 217 182 152 126 105 86 71 58 48 39 32 26 21 17 13 10 8 7 5 4 3 2 2 1 1 1 0 0 0 0 0 0 0 0 0 0 0 0 0 0 0 0 0 0 0 0 0 0 0 0 0 0 0 0 0 0 0 0 0 0 0 0 0 0 0 0 0 0 0 0 0 0 0 
32768 32722 32586 32362 32049 31652 31174 30617 29988 29290 28529 27711 26843 25929 24977 23994 22985 21958 20919 19874 18829 17790 16761 15748 14756 13788 12847 11938 11062 10222 9420 8657 7934 7251 6608 6006 5443 4920 4434 3986 3572 3193 2846 2530 2243 1983 1748 1537 1347 1178 1027 893 774 669 577 496 425 364 310 263 223 189 159 134 112 94 78 65 54 44 36 30 24 20 16 13 10 8 7 5 4 3 2 2 1 1 1 0 0 0 0 0 0 0 0 0 0 0 0 0 0 0 0 0 0 0 0 0 0 0 0 0 0 0 0 0 0 0 0 0 0 0 0 0 0 0 0 0 0 0 
32768 32727 32604 32401 32119 31759 31326 30821 30248 29612 28917 28168 27370 26528 25647 24734 23794 22832 21855 20867 19874 18881 17893 16915 15949 15002 14075 13173 12298 11452 10638 9857 9110 8399 7724 7086 6484 5919 5389 4894 4434 4007 3612 3248 2913 2607 2326 2071 1839 1629 1439 1268 1115 978 855 746 650 564 488 422 364 312 268 229 195 166 141 119 101 85 71 60 50 41 34 28 23 19 16 13 10 8 7 5 4 3 3 2 2 1 1 1 0 0 0 0 0 0 0 0 0 0 0 0 0 0 0 0 0 0 0 0 0 0 0 0 0 0 0 0 0 0 0 0 0 0 0 0 0 0 
32768 32730 32619 32435 32178 31852 31457 30997 30474 29892 29255 28567 27832 27054 26238 25389 24512 23612 22694 21761 20820 19874 18929 17987 17054 16132 15226 14338 13471 12628 11811 11021 10262 9532 8835 8170 7538 6939 6374 5841 5340 4872 4434 4027 3648 3298 2975 2677 2404 2153 1925 1716 1527 1356 1201 1061 936 823 722 633 553 482 419 364 315 272 234 201 173 148 126 107 91 77 65 55 46 39 33 27 23 19 16 13 10 9 7 6 5 4 3 2 2 1 1 1 0 0 0 0 0 0 0 0 0 0 0 0 0 0 0 0 0 0 0 0 0 0 0 0 0 0 0 0 0 0 0 0 0 0 
32768 32734 32632 32464 32230 31932 31571 31150 30671 30137 29551 28917 28238 27518 26761 25971 25153 24310 23446 22567 21676 20777 19874 18972 18072 17180 16299 15430 14578 13744 12931 12142 11377 10638 9926 9243 8590 7966 7372 6808 6274 5771 5296 4851 4434 4045 3682 3344 3032 2743 2476 2231 2005 1799 1611 1439 1283 1142 1014 898 794 701 617 542 476 416 364 317 275 239 207 179 154 133 114 98 83 71 61 51 44 37 31 26 22 18 15 13 10 9 7 6 5 4 3 2 2 1 1 1 1 0 0 0 0 0 0 0 0 0 0 0 0 0 0 0 0 0 0 0 0 0 0 0 0 0 0 0 0 0 
32768 32737 32644 32490 32276 32002 31671 31284 30844 30352 29812 29226 28598 27930 27226 26490 25725 24935 24124 23295 22452 21598 20738 19874 19011 18150 17296 16451 15618 14798 13996 13212 12448 11706 10988 10294 9626 8984 8369 7782 7222 6689 6185 5707 5257 4832 4434 4061 3712 3387 3084 2803 2543 2303 2081 1878 1691 1519 1363 1220 1090 972 866 769 682 604 533 470 414 364 319 279 244 212 185 160 139 120 104 89 77 66 56 48 41 35 30 25 21 18 15 13 10 9 7 6 5 4 3 3 2 2 1 1 1 0 0 0 0 0 0 0 0 0 0 0 0 0 0 0 0 0 0 0 0 0 0 0 0 0 
32768 32739 32654 32512 32316 32064 31759 31403 30997 30543 30043 29500 28917 28296 27641 26954 26238 25497 24734 23952 23155 22345 21527 20702 19874 19047 18222 17402 16591 15790 15002 14228 13471 12732 12012 11314 10638 9985 9355 8750 8170 7615 7086 6582 6103 5649 5220 4815 4434 4076 3740 3426 3133 2860 2607 2371 2153 1952 1767 1596 1439 1296 1164 1045 936 836 746 665 591 525 465 412 364 320 282 248 217 190 166 145 126 110 95 82 71 61 53 45 39 33 28 24 21 17 15 12 10 9 7 6 5 4 3 3 2 2 1 1 1 1 0 0 0 0 0 0 0 0 0 0 0 0 0 0 0 0 0 0 0 0 
32768 32741 32663 32532 32351 32119 31837 31508 31132 30711 30248 29744 29202 28624 28012 27370 26699 26004 25286 24548 23794 23026 22248 21461 20669 19874 19080 18288 17500 16720 15949 15190 14443 13711 12996 12298 11619 10960 10321 9705 9110 8539 7990 7465 6963 6484 6029 5597 5187 4800 4434 4090 3766 3463 3179 2913 2666 2435 2221 2023 1839 1669 1513 1369 1236 1115 1004 903 810 726 650 580 518 461 410 364 322 285 252 222 195 172 151 132 115 101 88 76 66 57 50 43 37 32 27 23 20 17 15 12 10 9 7 6 5 4 4 3 2 2 2 1 1 1 1 0 0 0 0 0 0 0 0 0 0 0 0 0 0 0 
32768 32743 32671 32550 32382 32167 31906 31601 31252 30862 30431 29962 29457 28917 28345 27744 27115 26461 25785 25089 24375 23647 22907 22157 21400 20638 19874 19110 18348 17591 16840 16097 15364 14643 13935 13241 12564 11904 11261 10638 10034 9450 8888 8346 7826 7327 6850 6395 5961 5548 5156 4785 4434 4103 3791 3497 3221 2963 2721 2496 2285 2090 1908 1739 1583 1439 1306 1184 1071 968 873 787 708 636 570 511 457 408 364 324 288 255 226 200 177 156 137 121 106 93 81 71 62 54 47 41 35 31 26 23 20 17 14 12 10 9 8 6 5 5 4 3 3 2 2 1 1 1 1 0 0 0 0 0 0 0 0 0 0 0 
32768 32745 32678 32566 32410 32210 31968 31685 31360 30997 30595 30158 29686 29181 28646 28082 27491 26876 26238 25581 24905 24215 23511 22796 22073 21344 20610 19874 19139 18405 17675 16951 16234 15526 14829 14143 13471 12813 12170 11544 10935 10344 9772 9219 8685 8170 7676 7202 6747 6313 5898 5504 5128 4772 4434 4115 3813 3529 3261 3009 2774 2553 2346 2153 1974 1806 1651 1507 1374 1251 1137 1032 936 847 766 691 623 561 504 453 406 364 325 290 259 230 205 182 161 143 126 111 98 86 76 67 58 51 45 39 34 29 26 22 19 17 14 12 10 9 8 7 6 5 4 3 3 2 2 1 1 1 1 1 0 0 0 0 0 0 
32768 32747 32684 32580 32435 32249 32024 31759 31457 31118 30743 30334 29892 29419 28917 28387 27832 27252 26650 26029 25389 24734 24065 23384 22694 21995 21291 20584 19874 19165 18457 17753 17054 16361 15677 15002 14338 13685 13046 12421 11811 11216 10638 10076 9532 9006 8499 8009 7538 7086 6652 6237 5841 5463 5102 4759 4434 4126 3834 3558 3298 3053 2823 2607 2404 2214 2036 1871 1716 1573 1439 1315 1201 1095 997 906 823 746 676 612 553 499 449 404 364 326 293 262 234 209 187 166 148 131 116 103 91 81 71 63 55 48 43 37 33 28 25 22 19 16 14 12 10 9 8 7 6 5 4 3 3 2 2 2 1 1 1 1 0 0 
32768 32748 32690 32593 32457 32284 32074 31827 31544 31227 30876 30493 30079 29635 29163 28665 28141 27594 27026 26438 25832 25210 24574 23925 23266 22598 21923 21243 20559 19874 19189 18506 17825 17150 16480 15818 15164 14520 13886 13265 12656 12061 11481 10915 10365 9830 9313 8812 8328 7861 7412 6980 6565 6168 5788 5424 5078 4748 4434 4136 3854 3586 3333 3094 2869 2657 2458 2271 2096 1932 1779 1636 1502 1378 1263 1156 1057 965 880 801 729 662 601 545 493 446 403 364 328 295 265 238 213 191 171 153 136 121 108 96 85 76 67 59 52 46 41 36 31 28 24 21 18 16 14 12 10 9 8 7 6 5 4 4 3 3 2 2 1 1 
