51 30
16384 16384 16384 16384 16384 16384 16384 16384 16384 16384 16384 16384 16384 16384 16384 16384 16384 16384 16384 16384 16384 16384 16384 16384 16384 16384 16384 16384 16384 16384 
9937 10093 10252 10414 10578 10744 10914 11085 11260 11437 11617 11800 11986 12175 12367 12562 12759 12960 13164 13372 13582 13796 14013 14234 14458 14686 14917 15152 15391 15633 
6027 6218 6416 6619 6829 7046 7270 7501 7739 7984 8238 8499 8769 9048 9335 9631 9937 10252 10578 10914 11260 11617 11986 12367 12759 13164 13582 14013 14458 14917 
3655 3831 4015 4207 4409 4621 4843 5075 5319 5574 5841 6122 6416 6723 7046 7384 7739 8110 8499 8907 9335 9783 10252 10744 11260 11800 12367 12960 13582 14234 
2217 2360 2512 2674 2847 3030 3226 3434 3655 3891 4142 4409 4694 4996 5319 5662 6027 6416 6829 7270 7739 8238 8769 9335 9937 10578 11260 11986 12759 13582 
1344 1454 1572 1700 1838 1987 2149 2323 2512 2716 2937 3176 3434 3713 4015 4341 4694 5075 5487 5933 6416 6937 7501 8110 8769 9482 10252 11085 11986 12960 
815 895 983 1080 1186 1303 1431 1572 1726 1896 2082 2287 2512 2759 3030 3328 3655 4015 4409 4843 5319 5841 6416 7046 7739 8499 9335 10252 11260 12367 
494 551 615 686 766 854 953 1063 1186 1324 1477 1647 1838 2050 2287 2552 2847 3176 3543 3952 4409 4919 5487 6122 6829 7619 8499 9482 10578 11800 
300 340 385 436 494 560 635 719 815 924 1047 1186 1344 1523 1726 1956 2217 2512 2847 3226 3655 4142 4694 5319 6027 6829 7739 8769 9937 11260 
182 209 241 277 319 367 423 487 560 645 742 854 983 1132 1303 1500 1726 1987 2287 2633 3030 3488 4015 4621 5319 6122 7046 8110 9335 10744 
110 129 150 176 206 241 281 329 385 450 526 615 719 841 983 1150 1344 1572 1838 2149 2512 2937 3434 4015 4694 5487 6416 7501 8769 10252 
66 79 94 112 133 158 187 223 264 314 373 443 526 625 742 881 1047 1243 1477 1754 2082 2473 2937 3488 4142 4919 5841 6937 8238 9783 
40 48 59 71 85 103 125 150 182 219 264 319 385 464 560 676 815 983 1186 1431 1726 2082 2512 3030 3655 4409 5319 6416 7739 9335 
24 30 36 45 55 68 83 102 125 153 187 230 281 345 423 518 635 778 953 1168 1431 1754 2149 2633 3226 3952 4843 5933 7270 8907 
14 18 23 28 35 44 55 69 85 106 133 165 206 256 319 397 494 615 766 953 1186 1477 1838 2287 2847 3543 4409 5487 6829 8499 
9 11 14 18 23 29 36 46 59 74 94 119 150 190 241 304 385 487 615 778 983 1243 1572 1987 2512 3176 4015 5075 6416 8110 
5 7 9 11 14 19 24 31 40 52 66 85 110 141 182 233 300 385 494 635 815 1047 1344 1726 2217 2847 3655 4694 6027 7739 
3 4 5 7 9 12 16 21 27 36 47 61 80 105 137 179 233 304 397 518 676 881 1150 1500 1956 2552 3328 4341 5662 7384 
2 2 3 4 6 8 10 14 19 25 33 44 59 78 103 137 182 241 319 423 560 742 983 1303 1726 2287 3030 4015 5319 7046 
1 1 2 2 4 5 7 9 13 17 23 32 43 58 78 105 141 190 256 345 464 625 841 1132 1523 2050 2759 3713 4996 6723 
0 1 1 1 2 3 4 6 9 12 16 23 31 43 59 80 110 150 206 281 385 526 719 983 1344 1838 2512 3434 4694 6416 
0 0 0 1 1 2 3 4 6 8 12 16 23 32 44 61 85 119 165 230 319 443 615 854 1186 1647 2287 3176 4409 6122 
0 0 0 0 1 1 2 3 4 6 8 12 16 23 33 47 66 94 133 187 264 373 526 742 1047 1477 2082 2937 4142 5841 
0 0 0 0 0 1 1 2 2 4 6 8 12 17 25 36 52 74 106 153 219 314 450 645 924 1324 1896 2716 3891 5574 
0 0 0 0 0 0 0 1 2 2 4 6 9 13 19 27 40 59 85 125 182 264 385 560 815 1186 1726 2512 3655 5319 
0 0 0 0 0 0 0 0 1 2 3 4 6 9 14 21 31 46 69 102 150 223 329 487 719 1063 1572 2323 3434 5075 
0 0 0 0 0 0 0 0 0 1 2 3 4 7 10 16 24 36 55 83 125 187 281 423 635 953 1431 2149 3226 4843 
0 0 0 0 0 0 0 0 0 1 1 2 3 5 8 12 19 29 44 68 103 158 241 367 560 854 1303 1987 3030 4621 
0 0 0 0 0 0 0 0 0 0 1 1 2 4 6 9 14 23 35 55 85 133 206 319 494 766 1186 1838 2847 4409 
0 0 0 0 0 0 0 0 0 0 0 1 1 2 4 7 11 18 28 45 71 112 176 277 436 686 1080 1700 2674 4207 
0 0 0 0 0 0 0 0 0 0 0 0 1 2 3 5 9 14 23 36 59 94 150 241 385 615 983 1572 2512 4015 
0 0 0 0 0 0 0 0 0 0 0 0 1 1 2 4 7 11 18 30 48 79 129 209 340 551 895 1454 2360 3831 
0 0 0 0 0 0 0 0 0 0 0 0 0 1 2 3 5 9 14 24 40 66 110 182 300 494 815 1344 2217 3655 
0 0 0 0 0 0 0 0 0 0 0 0 0 0 1 2 4 7 12 20 33 56 94 158 264 443 742 1243 2082 3488 
0 0 0 0 0 0 0 0 0 0 0 0 0 0 1 1 3 5 9 16 27 47 80 137 233 397 676 1150 1956 3328 
0 0 0 0 0 0 0 0 0 0 0 0 0 0 0 1 2 4 7 13 23 39 69 119 206 356 615 1063 1838 3176 
0 0 0 0 0 0 0 0 0 0 0 0 0 0 0 1 2 3 6 10 19 33 59 103 182 319 560 983 1726 3030 
0 0 0 0 0 0 0 0 0 0 0 0 0 0 0 0 1 2 5 8 15 28 50 90 160 286 510 909 1622 2891 
0 0 0 0 0 0 0 0 0 0 0 0 0 0 0 0 1 2 4 7 13 23 43 78 141 256 464 841 1523 2759 
0 0 0 0 0 0 0 0 0 0 0 0 0 0 0 0 0 1 3 5 10 20 36 68 125 230 423 778 1431 2633 
0 0 0 0 0 0 0 0 0 0 0 0 0 0 0 0 0 1 2 4 9 16 31 59 110 206 385 719 1344 2512 
0 0 0 0 0 0 0 0 0 0 0 0 0 0 0 0 0 1 2 3 7 14 27 51 97 184 350 665 1263 2397 
0 0 0 0 0 0 0 0 0 0 0 0 0 0 0 0 0 0 1 3 6 12 23 44 85 165 319 615 1186 2287 
0 0 0 0 0 0 0 0 0 0 0 0 0 0 0 0 0 0 1 2 5 10 19 38 75 148 290 569 1114 2182 
0 0 0 0 0 0 0 0 0 0 0 0 0 0 0 0 0 0 1 2 4 8 16 33 66 133 264 526 1047 2082 
0 0 0 0 0 0 0 0 0 0 0 0 0 0 0 0 0 0 0 1 3 7 14 29 59 119 241 487 983 1987 
0 0 0 0 0 0 0 0 0 0 0 0 0 0 0 0 0 0 0 1 2 6 12 25 52 106 219 450 924 1896 
0 0 0 0 0 0 0 0 0 0 0 0 0 0 0 0 0 0 0 1 2 5 10 22 46 95 199 416 868 1809 
0 0 0 0 0 0 0 0 0 0 0 0 0 0 0 0 0 0 0 0 2 4 9 19 40 85 182 385 815 1726 
0 0 0 0 0 0 0 0 0 0 0 0 0 0 0 0 0 0 0 0 1 3 7 16 35 77 165 356 766 1647 
0 0 0 0 0 0 0 0 0 0 0 0 0 0 0 0 0 0 0 0 1 3 6 14 31 69 150 329 719 1572 
